(kicad_pcb (version 20171130) (host pcbnew 5.1.5+dfsg1-2build2)

  (general
    (thickness 1.6)
    (drawings 30)
    (tracks 453)
    (zones 0)
    (modules 38)
    (nets 38)
  )

  (page A4)
  (title_block
    (title EVAL-E.Ink)
    (date 2022-01-06)
    (rev 1.0)
    (company "INSA - GEI")
  )

  (layers
    (0 F.Cu signal)
    (31 B.Cu signal)
    (32 B.Adhes user)
    (33 F.Adhes user)
    (34 B.Paste user)
    (35 F.Paste user)
    (36 B.SilkS user)
    (37 F.SilkS user)
    (38 B.Mask user)
    (39 F.Mask user)
    (40 Dwgs.User user)
    (41 Cmts.User user)
    (42 Eco1.User user)
    (43 Eco2.User user)
    (44 Edge.Cuts user)
    (45 Margin user)
    (46 B.CrtYd user)
    (47 F.CrtYd user)
    (48 B.Fab user hide)
    (49 F.Fab user hide)
  )

  (setup
    (last_trace_width 0.4)
    (user_trace_width 0.2)
    (user_trace_width 0.25)
    (user_trace_width 0.3)
    (user_trace_width 0.35)
    (user_trace_width 0.4)
    (user_trace_width 0.5)
    (user_trace_width 0.7)
    (user_trace_width 1)
    (trace_clearance 0.2)
    (zone_clearance 0.508)
    (zone_45_only no)
    (trace_min 0.2)
    (via_size 0.8)
    (via_drill 0.4)
    (via_min_size 0.4)
    (via_min_drill 0.3)
    (user_via 0.9 0.4)
    (user_via 1.1 0.6)
    (user_via 1.3 0.7)
    (user_via 1.6 0.8)
    (user_via 1.8 1)
    (user_via 5.2 3.2)
    (uvia_size 0.3)
    (uvia_drill 0.1)
    (uvias_allowed no)
    (uvia_min_size 0.2)
    (uvia_min_drill 0.1)
    (edge_width 0.05)
    (segment_width 0.2)
    (pcb_text_width 0.3)
    (pcb_text_size 1.5 1.5)
    (mod_edge_width 0.12)
    (mod_text_size 1 1)
    (mod_text_width 0.15)
    (pad_size 1.524 1.524)
    (pad_drill 0.762)
    (pad_to_mask_clearance 0.051)
    (solder_mask_min_width 0.25)
    (aux_axis_origin 0 0)
    (visible_elements FFFFFF7F)
    (pcbplotparams
      (layerselection 0x010fc_ffffffff)
      (usegerberextensions false)
      (usegerberattributes false)
      (usegerberadvancedattributes false)
      (creategerberjobfile false)
      (excludeedgelayer true)
      (linewidth 0.100000)
      (plotframeref false)
      (viasonmask false)
      (mode 1)
      (useauxorigin false)
      (hpglpennumber 1)
      (hpglpenspeed 20)
      (hpglpendiameter 15.000000)
      (psnegative false)
      (psa4output false)
      (plotreference true)
      (plotvalue true)
      (plotinvisibletext false)
      (padsonsilk false)
      (subtractmaskfromsilk false)
      (outputformat 1)
      (mirror false)
      (drillshape 1)
      (scaleselection 1)
      (outputdirectory ""))
  )

  (net 0 "")
  (net 1 GND)
  (net 2 /EPD_VGL)
  (net 3 /EPD_VGH)
  (net 4 VD)
  (net 5 /EPD_VDD)
  (net 6 /EPD_VPP)
  (net 7 /EPD_VSH)
  (net 8 /EPD_PWRVGH)
  (net 9 /EPD_VSL)
  (net 10 /EPD_PWRVGL)
  (net 11 /EPD_VCOM)
  (net 12 "Net-(C11-Pad1)")
  (net 13 "Net-(C11-Pad2)")
  (net 14 +BATT)
  (net 15 "Net-(C14-Pad1)")
  (net 16 "Net-(C15-Pad1)")
  (net 17 /EPD_GDR)
  (net 18 /EPD_RESET)
  (net 19 /EPD_BUSY)
  (net 20 /~EPD_RST)
  (net 21 /EPD_DC)
  (net 22 /~EPD_CS)
  (net 23 /EPD_CLK)
  (net 24 /EPD_DIN)
  (net 25 +2V5)
  (net 26 "Net-(J5-Pad2)")
  (net 27 "Net-(L2-Pad2)")
  (net 28 /BUTTON)
  (net 29 "Net-(SW1-Pad2)")
  (net 30 "Net-(R5-Pad2)")
  (net 31 /USART1_TX)
  (net 32 /USART1_RX)
  (net 33 /~XBEE_RESET)
  (net 34 /XBEE_SLEEP_RQ)
  (net 35 /~XBEE_SLEEP)
  (net 36 "Net-(J1-Pad1)")
  (net 37 "Net-(RV1-Pad1)")

  (net_class Default "Ceci est la Netclass par défaut."
    (clearance 0.2)
    (trace_width 0.25)
    (via_dia 0.8)
    (via_drill 0.4)
    (uvia_dia 0.3)
    (uvia_drill 0.1)
    (add_net +2V5)
    (add_net +BATT)
    (add_net /BUTTON)
    (add_net /EPD_BUSY)
    (add_net /EPD_CLK)
    (add_net /EPD_DC)
    (add_net /EPD_DIN)
    (add_net /EPD_GDR)
    (add_net /EPD_PWRVGH)
    (add_net /EPD_PWRVGL)
    (add_net /EPD_RESET)
    (add_net /EPD_VCOM)
    (add_net /EPD_VDD)
    (add_net /EPD_VGH)
    (add_net /EPD_VGL)
    (add_net /EPD_VPP)
    (add_net /EPD_VSH)
    (add_net /EPD_VSL)
    (add_net /USART1_RX)
    (add_net /USART1_TX)
    (add_net /XBEE_SLEEP_RQ)
    (add_net /~EPD_CS)
    (add_net /~EPD_RST)
    (add_net /~XBEE_RESET)
    (add_net /~XBEE_SLEEP)
    (add_net GND)
    (add_net "Net-(C11-Pad1)")
    (add_net "Net-(C11-Pad2)")
    (add_net "Net-(C14-Pad1)")
    (add_net "Net-(C15-Pad1)")
    (add_net "Net-(J1-Pad1)")
    (add_net "Net-(J5-Pad2)")
    (add_net "Net-(L2-Pad2)")
    (add_net "Net-(R5-Pad2)")
    (add_net "Net-(RV1-Pad1)")
    (add_net "Net-(SW1-Pad2)")
    (add_net VD)
  )

  (module Insa:uDFN-6-1EP_2x2mm_P0.65mm_EP1x1.6mm (layer F.Cu) (tedit 61DC477C) (tstamp 61D76960)
    (at 115.57 102.235 180)
    (descr "6-Lead Plastic Dual Flat, No Lead Package (MA) - 2x2x0.9 mm Body [DFN] (see Microchip Packaging Specification 00000049BS.pdf)")
    (tags "DFN 0.65")
    (path /61E782BE)
    (attr smd)
    (fp_text reference U3 (at 0 -2.025) (layer F.SilkS)
      (effects (font (size 1 1) (thickness 0.15)))
    )
    (fp_text value MAX17220ELT (at 0 2.025) (layer F.Fab)
      (effects (font (size 1 1) (thickness 0.15)))
    )
    (fp_text user %R (at 0 0) (layer F.Fab)
      (effects (font (size 0.5 0.5) (thickness 0.075)))
    )
    (fp_line (start -0.5 -1) (end 1 -1) (layer F.Fab) (width 0.15))
    (fp_line (start 1 -1) (end 1 1) (layer F.Fab) (width 0.15))
    (fp_line (start 1 1) (end -1 1) (layer F.Fab) (width 0.15))
    (fp_line (start -1 1) (end -1 -0.5) (layer F.Fab) (width 0.15))
    (fp_line (start -1 -0.5) (end -0.5 -1) (layer F.Fab) (width 0.15))
    (fp_line (start -1.65 -1.25) (end -1.65 1.25) (layer F.CrtYd) (width 0.05))
    (fp_line (start 1.65 -1.25) (end 1.65 1.25) (layer F.CrtYd) (width 0.05))
    (fp_line (start -1.65 -1.25) (end 1.65 -1.25) (layer F.CrtYd) (width 0.05))
    (fp_line (start -1.65 1.25) (end 1.65 1.25) (layer F.CrtYd) (width 0.05))
    (fp_line (start -1 1.1) (end 1 1.1) (layer F.SilkS) (width 0.15))
    (fp_line (start 0 -1.1) (end 1 -1.1) (layer F.SilkS) (width 0.15))
    (pad 1 smd rect (at -0.915 -0.65 180) (size 0.8 0.35) (layers F.Cu F.Paste F.Mask)
      (net 15 "Net-(C14-Pad1)"))
    (pad 2 smd rect (at -0.915 0 180) (size 0.8 0.35) (layers F.Cu F.Paste F.Mask)
      (net 27 "Net-(L2-Pad2)"))
    (pad 3 smd rect (at -0.915 0.65 180) (size 0.8 0.35) (layers F.Cu F.Paste F.Mask)
      (net 1 GND))
    (pad 4 smd rect (at 0.915 0.65 180) (size 0.8 0.35) (layers F.Cu F.Paste F.Mask)
      (net 37 "Net-(RV1-Pad1)"))
    (pad 5 smd rect (at 0.915 0 180) (size 0.8 0.35) (layers F.Cu F.Paste F.Mask)
      (net 14 +BATT))
    (pad 6 smd rect (at 0.915 -0.65 180) (size 0.8 0.35) (layers F.Cu F.Paste F.Mask)
      (net 29 "Net-(SW1-Pad2)"))
    (model ${KISYS3DMOD}/Package_DFN_QFN.3dshapes/DFN-6-1EP_2x2mm_P0.65mm_EP1x1.6mm.wrl
      (at (xyz 0 0 0))
      (scale (xyz 1 1 1))
      (rotate (xyz 0 0 0))
    )
  )

  (module Connector_FFC-FPC:Hirose_FH12-24S-0.5SH_1x24-1MP_P0.50mm_Horizontal (layer F.Cu) (tedit 61D81B25) (tstamp 61D587B5)
    (at 201.295 94.234 90)
    (descr "Hirose FH12, FFC/FPC connector, FH12-24S-0.5SH, 24 Pins per row (https://www.hirose.com/product/en/products/FH12/FH12-24S-0.5SH(55)/), generated with kicad-footprint-generator")
    (tags "connector Hirose FH12 horizontal")
    (path /61C3CA0E)
    (attr smd)
    (fp_text reference J2 (at 10.734 4.205 90) (layer F.SilkS)
      (effects (font (size 1 1) (thickness 0.15)))
    )
    (fp_text value Conn_01x24 (at 0 5.6 90) (layer F.Fab)
      (effects (font (size 1 1) (thickness 0.15)))
    )
    (fp_text user %R (at 0 3.7 90) (layer F.Fab)
      (effects (font (size 1 1) (thickness 0.15)))
    )
    (fp_line (start 9.05 -3) (end -9.05 -3) (layer F.CrtYd) (width 0.05))
    (fp_line (start 9.05 4.9) (end 9.05 -3) (layer F.CrtYd) (width 0.05))
    (fp_line (start -9.05 4.9) (end 9.05 4.9) (layer F.CrtYd) (width 0.05))
    (fp_line (start -9.05 -3) (end -9.05 4.9) (layer F.CrtYd) (width 0.05))
    (fp_line (start -5.75 -0.492893) (end -5.25 -1.2) (layer F.Fab) (width 0.1))
    (fp_line (start -6.25 -1.2) (end -5.75 -0.492893) (layer F.Fab) (width 0.1))
    (fp_line (start -6.16 -1.3) (end -6.16 -2.5) (layer F.SilkS) (width 0.12))
    (fp_line (start 7.65 4.5) (end 7.65 2.76) (layer F.SilkS) (width 0.12))
    (fp_line (start -7.65 4.5) (end 7.65 4.5) (layer F.SilkS) (width 0.12))
    (fp_line (start -7.65 2.76) (end -7.65 4.5) (layer F.SilkS) (width 0.12))
    (fp_line (start 7.65 -1.3) (end 7.65 0.04) (layer F.SilkS) (width 0.12))
    (fp_line (start 6.16 -1.3) (end 7.65 -1.3) (layer F.SilkS) (width 0.12))
    (fp_line (start -7.65 -1.3) (end -7.65 0.04) (layer F.SilkS) (width 0.12))
    (fp_line (start -6.16 -1.3) (end -7.65 -1.3) (layer F.SilkS) (width 0.12))
    (fp_line (start 7.45 4.4) (end 0 4.4) (layer F.Fab) (width 0.1))
    (fp_line (start 7.45 3.7) (end 7.45 4.4) (layer F.Fab) (width 0.1))
    (fp_line (start 6.95 3.7) (end 7.45 3.7) (layer F.Fab) (width 0.1))
    (fp_line (start 6.95 3.4) (end 6.95 3.7) (layer F.Fab) (width 0.1))
    (fp_line (start 7.55 3.4) (end 6.95 3.4) (layer F.Fab) (width 0.1))
    (fp_line (start 7.55 -1.2) (end 7.55 3.4) (layer F.Fab) (width 0.1))
    (fp_line (start 0 -1.2) (end 7.55 -1.2) (layer F.Fab) (width 0.1))
    (fp_line (start -7.45 4.4) (end 0 4.4) (layer F.Fab) (width 0.1))
    (fp_line (start -7.45 3.7) (end -7.45 4.4) (layer F.Fab) (width 0.1))
    (fp_line (start -6.95 3.7) (end -7.45 3.7) (layer F.Fab) (width 0.1))
    (fp_line (start -6.95 3.4) (end -6.95 3.7) (layer F.Fab) (width 0.1))
    (fp_line (start -7.55 3.4) (end -6.95 3.4) (layer F.Fab) (width 0.1))
    (fp_line (start -7.55 -1.2) (end -7.55 3.4) (layer F.Fab) (width 0.1))
    (fp_line (start 0 -1.2) (end -7.55 -1.2) (layer F.Fab) (width 0.1))
    (pad 24 smd rect (at 5.75 -1.85 90) (size 0.3 1.3) (layers F.Cu F.Paste F.Mask)
      (net 11 /EPD_VCOM))
    (pad 23 smd rect (at 5.25 -1.85 90) (size 0.3 1.3) (layers F.Cu F.Paste F.Mask)
      (net 10 /EPD_PWRVGL))
    (pad 22 smd rect (at 4.75 -1.85 90) (size 0.3 1.3) (layers F.Cu F.Paste F.Mask)
      (net 9 /EPD_VSL))
    (pad 21 smd rect (at 4.25 -1.85 90) (size 0.3 1.3) (layers F.Cu F.Paste F.Mask)
      (net 8 /EPD_PWRVGH))
    (pad 20 smd rect (at 3.75 -1.85 90) (size 0.3 1.3) (layers F.Cu F.Paste F.Mask)
      (net 7 /EPD_VSH))
    (pad 19 smd rect (at 3.25 -1.85 90) (size 0.3 1.3) (layers F.Cu F.Paste F.Mask)
      (net 6 /EPD_VPP))
    (pad 18 smd rect (at 2.75 -1.85 90) (size 0.3 1.3) (layers F.Cu F.Paste F.Mask)
      (net 5 /EPD_VDD))
    (pad 17 smd rect (at 2.25 -1.85 90) (size 0.3 1.3) (layers F.Cu F.Paste F.Mask)
      (net 1 GND))
    (pad 16 smd rect (at 1.75 -1.85 90) (size 0.3 1.3) (layers F.Cu F.Paste F.Mask)
      (net 4 VD))
    (pad 15 smd rect (at 1.25 -1.85 90) (size 0.3 1.3) (layers F.Cu F.Paste F.Mask)
      (net 4 VD))
    (pad 14 smd rect (at 0.75 -1.85 90) (size 0.3 1.3) (layers F.Cu F.Paste F.Mask)
      (net 24 /EPD_DIN))
    (pad 13 smd rect (at 0.25 -1.85 90) (size 0.3 1.3) (layers F.Cu F.Paste F.Mask)
      (net 23 /EPD_CLK))
    (pad 12 smd rect (at -0.25 -1.85 90) (size 0.3 1.3) (layers F.Cu F.Paste F.Mask)
      (net 22 /~EPD_CS))
    (pad 11 smd rect (at -0.75 -1.85 90) (size 0.3 1.3) (layers F.Cu F.Paste F.Mask)
      (net 21 /EPD_DC))
    (pad 10 smd rect (at -1.25 -1.85 90) (size 0.3 1.3) (layers F.Cu F.Paste F.Mask)
      (net 20 /~EPD_RST))
    (pad 9 smd rect (at -1.75 -1.85 90) (size 0.3 1.3) (layers F.Cu F.Paste F.Mask)
      (net 19 /EPD_BUSY))
    (pad 8 smd rect (at -2.25 -1.85 90) (size 0.3 1.3) (layers F.Cu F.Paste F.Mask)
      (net 1 GND))
    (pad 7 smd rect (at -2.75 -1.85 90) (size 0.3 1.3) (layers F.Cu F.Paste F.Mask))
    (pad 6 smd rect (at -3.25 -1.85 90) (size 0.3 1.3) (layers F.Cu F.Paste F.Mask))
    (pad 5 smd rect (at -3.75 -1.85 90) (size 0.3 1.3) (layers F.Cu F.Paste F.Mask)
      (net 3 /EPD_VGH))
    (pad 4 smd rect (at -4.25 -1.85 90) (size 0.3 1.3) (layers F.Cu F.Paste F.Mask)
      (net 2 /EPD_VGL))
    (pad 3 smd rect (at -4.75 -1.85 90) (size 0.3 1.3) (layers F.Cu F.Paste F.Mask)
      (net 18 /EPD_RESET))
    (pad 2 smd rect (at -5.25 -1.85 90) (size 0.3 1.3) (layers F.Cu F.Paste F.Mask)
      (net 17 /EPD_GDR))
    (pad 1 smd rect (at -5.75 -1.85 90) (size 0.3 1.3) (layers F.Cu F.Paste F.Mask))
    (pad MP smd rect (at -7.65 1.4 90) (size 1.8 2.2) (layers F.Cu F.Paste F.Mask))
    (pad MP smd rect (at 7.65 1.4 90) (size 1.8 2.2) (layers F.Cu F.Paste F.Mask))
    (model ${KISYS3DMOD}/Connector_FFC-FPC.3dshapes/Hirose_FH12-24S-0.5SH_1x24-1MP_P0.50mm_Horizontal.wrl
      (at (xyz 0 0 0))
      (scale (xyz 1 1 1))
      (rotate (xyz 0 0 0))
    )
    (model /home/dimercur/kicad/local-packages3d/Insa.3dshapes/FH12-24S-0.5SH.stp
      (offset (xyz 15.9766 -10.5156 -117.983))
      (scale (xyz 1 1 1))
      (rotate (xyz 90 90 90))
    )
  )

  (module Button_Switch_THT:SW_Slide_1P2T_CK_OS102011MS2Q (layer F.Cu) (tedit 61D818FE) (tstamp 61D588C3)
    (at 96.52 96.52 90)
    (descr "CuK miniature slide switch, OS series, SPDT, https://www.ckswitches.com/media/1428/os.pdf")
    (tags "switch SPDT")
    (path /61E47136)
    (fp_text reference SW1 (at 3.99 -2.99 90) (layer F.SilkS)
      (effects (font (size 1 1) (thickness 0.15)))
    )
    (fp_text value SW_SPDT (at 2 3 90) (layer F.Fab)
      (effects (font (size 1 1) (thickness 0.15)))
    )
    (fp_line (start 0.5 -2.96) (end -0.5 -2.96) (layer F.SilkS) (width 0.12))
    (fp_line (start 0 -2.46) (end 0.5 -2.96) (layer F.SilkS) (width 0.12))
    (fp_line (start -0.5 -2.96) (end 0 -2.46) (layer F.SilkS) (width 0.12))
    (fp_line (start 0 -1.65) (end 0.5 -2.15) (layer F.Fab) (width 0.1))
    (fp_line (start -0.5 -2.15) (end 0 -1.65) (layer F.Fab) (width 0.1))
    (fp_line (start -3.45 2.4) (end -3.45 -2.4) (layer B.CrtYd) (width 0.05))
    (fp_line (start 7.45 2.4) (end -3.45 2.4) (layer B.CrtYd) (width 0.05))
    (fp_line (start 7.45 -2.4) (end 7.45 2.4) (layer B.CrtYd) (width 0.05))
    (fp_line (start -3.45 -2.4) (end 7.45 -2.4) (layer B.CrtYd) (width 0.05))
    (fp_text user %R (at 3.99 -2.99 90) (layer F.Fab)
      (effects (font (size 1 1) (thickness 0.15)))
    )
    (fp_line (start 6.41 2.26) (end 6.41 1.95) (layer F.SilkS) (width 0.12))
    (fp_line (start -2.41 2.26) (end -2.41 1.95) (layer F.SilkS) (width 0.12))
    (fp_line (start -2.41 -1.95) (end -2.41 -2.26) (layer F.SilkS) (width 0.12))
    (fp_line (start 6.41 2.26) (end -2.41 2.26) (layer F.SilkS) (width 0.12))
    (fp_line (start 6.41 -2.26) (end 6.41 -1.95) (layer F.SilkS) (width 0.12))
    (fp_line (start -2.41 -2.26) (end 6.41 -2.26) (layer F.SilkS) (width 0.12))
    (fp_line (start -2.3 -2.15) (end -0.5 -2.15) (layer F.Fab) (width 0.1))
    (fp_line (start 2 -1) (end 2 1) (layer F.Fab) (width 0.1))
    (fp_line (start 1.34 -1) (end 1.34 1) (layer F.Fab) (width 0.1))
    (fp_line (start 0.66 -1) (end 0.66 1) (layer F.Fab) (width 0.1))
    (fp_line (start 0 -1) (end 0 1) (layer F.Fab) (width 0.1))
    (fp_line (start 0 1) (end 4 1) (layer F.Fab) (width 0.1))
    (fp_line (start 4 -1) (end 4 1) (layer F.Fab) (width 0.1))
    (fp_line (start 0 -1) (end 4 -1) (layer F.Fab) (width 0.1))
    (fp_line (start -2.3 2.15) (end -2.3 -2.15) (layer F.Fab) (width 0.1))
    (fp_line (start 6.3 2.15) (end -2.3 2.15) (layer F.Fab) (width 0.1))
    (fp_line (start 6.3 -2.15) (end 6.3 2.15) (layer F.Fab) (width 0.1))
    (fp_line (start 0.5 -2.15) (end 6.3 -2.15) (layer F.Fab) (width 0.1))
    (pad "" thru_hole oval (at 6.1 0 90) (size 2.2 3.5) (drill 1.5) (layers *.Cu *.Mask))
    (pad "" thru_hole oval (at -2.1 0 90) (size 2.2 3.5) (drill 1.5) (layers *.Cu *.Mask))
    (pad 3 thru_hole oval (at 4 0 90) (size 1.5 2.5) (drill 0.8) (layers *.Cu *.Mask)
      (net 1 GND))
    (pad 2 thru_hole oval (at 2 0 90) (size 1.5 2.5) (drill 0.8) (layers *.Cu *.Mask)
      (net 29 "Net-(SW1-Pad2)"))
    (pad 1 thru_hole rect (at 0 0 90) (size 1.5 2.5) (drill 0.8) (layers *.Cu *.Mask)
      (net 14 +BATT))
    (model ${KISYS3DMOD}/Button_Switch_THT.3dshapes/SW_Slide_1P2T_CK_OS102011MS2Q.wrl
      (at (xyz 0 0 0))
      (scale (xyz 1 1 1))
      (rotate (xyz 0 0 0))
    )
    (model /home/dimercur/kicad/local-packages3d/Insa.3dshapes/OS102011MS2QN1.stp
      (offset (xyz 2.0066 -0 4.343400000000001))
      (scale (xyz 1 1 1))
      (rotate (xyz -90 0 0))
    )
  )

  (module Insa:Xbee3 (layer F.Cu) (tedit 61D7FA61) (tstamp 61D58928)
    (at 125.095 79.629)
    (path /61D62A97)
    (fp_text reference U2 (at -11.595 -11.129) (layer F.SilkS)
      (effects (font (size 1 1) (thickness 0.15)))
    )
    (fp_text value XBee3 (at 0 6.5) (layer F.Fab)
      (effects (font (size 1 1) (thickness 0.15)))
    )
    (fp_line (start -12.5 -7.5) (end -4.5 -14) (layer F.CrtYd) (width 0.2))
    (fp_line (start -12.5 13.5) (end -12.5 -7.5) (layer F.CrtYd) (width 0.2))
    (fp_line (start 12.5 13.5) (end -12.5 13.5) (layer F.CrtYd) (width 0.2))
    (fp_line (start 12.5 -7.5) (end 12.5 13.5) (layer F.CrtYd) (width 0.2))
    (fp_line (start 4.5 -14) (end 12.5 -7.5) (layer F.CrtYd) (width 0.2))
    (fp_line (start -4.5 -14) (end 4.5 -14) (layer F.CrtYd) (width 0.2))
    (fp_line (start -12.5 -7.5) (end -4.5 -14) (layer F.SilkS) (width 0.2))
    (fp_line (start 4.5 -14) (end 12.5 -7.5) (layer F.SilkS) (width 0.2))
    (fp_line (start -4.5 -14) (end 4.5 -14) (layer F.SilkS) (width 0.2))
    (fp_line (start -12.5 13.5) (end -12.5 -7.5) (layer F.SilkS) (width 0.2))
    (fp_line (start 12.5 13.5) (end 12.5 -7.5) (layer F.SilkS) (width 0.2))
    (fp_line (start -12.5 13.5) (end 12.5 13.5) (layer F.SilkS) (width 0.2))
    (pad 10 thru_hole circle (at -11 12) (size 1.524 1.524) (drill 0.762) (layers *.Cu *.Mask)
      (net 1 GND))
    (pad 9 thru_hole circle (at -11 10) (size 1.524 1.524) (drill 0.762) (layers *.Cu *.Mask)
      (net 34 /XBEE_SLEEP_RQ))
    (pad 8 thru_hole circle (at -11 8) (size 1.524 1.524) (drill 0.762) (layers *.Cu *.Mask))
    (pad 7 thru_hole circle (at -11 6) (size 1.524 1.524) (drill 0.762) (layers *.Cu *.Mask))
    (pad 6 thru_hole circle (at -11 4) (size 1.524 1.524) (drill 0.762) (layers *.Cu *.Mask))
    (pad 5 thru_hole circle (at -11 2) (size 1.524 1.524) (drill 0.762) (layers *.Cu *.Mask)
      (net 33 /~XBEE_RESET))
    (pad 11 thru_hole circle (at 11 12) (size 1.524 1.524) (drill 0.762) (layers *.Cu *.Mask))
    (pad 12 thru_hole circle (at 11 10) (size 1.524 1.524) (drill 0.762) (layers *.Cu *.Mask))
    (pad 13 thru_hole circle (at 11 8) (size 1.524 1.524) (drill 0.762) (layers *.Cu *.Mask)
      (net 35 /~XBEE_SLEEP))
    (pad 14 thru_hole circle (at 11 6) (size 1.524 1.524) (drill 0.762) (layers *.Cu *.Mask))
    (pad 15 thru_hole circle (at 11 4) (size 1.524 1.524) (drill 0.762) (layers *.Cu *.Mask))
    (pad 16 thru_hole circle (at 11 2) (size 1.524 1.524) (drill 0.762) (layers *.Cu *.Mask))
    (pad 20 thru_hole circle (at 11 -6) (size 1.524 1.524) (drill 0.762) (layers *.Cu *.Mask))
    (pad 19 thru_hole circle (at 11 -4) (size 1.524 1.524) (drill 0.762) (layers *.Cu *.Mask))
    (pad 18 thru_hole circle (at 11 -2) (size 1.524 1.524) (drill 0.762) (layers *.Cu *.Mask))
    (pad 1 thru_hole rect (at -11 -6) (size 1.524 1.524) (drill 0.762) (layers *.Cu *.Mask)
      (net 16 "Net-(C15-Pad1)"))
    (pad 2 thru_hole circle (at -11 -4) (size 1.524 1.524) (drill 0.762) (layers *.Cu *.Mask)
      (net 32 /USART1_RX))
    (pad 3 thru_hole circle (at -11 -2) (size 1.524 1.524) (drill 0.762) (layers *.Cu *.Mask)
      (net 31 /USART1_TX))
    (pad 17 thru_hole circle (at 11 0) (size 1.524 1.524) (drill 0.762) (layers *.Cu *.Mask))
    (pad 4 thru_hole circle (at -11 0) (size 1.524 1.524) (drill 0.762) (layers *.Cu *.Mask))
    (model /home/dimercur/kicad/local-packages3d/Insa.3dshapes/XBee_Module_-_ZB_Series_S2C_-_2mW_with_Wire_Antenna_-_XB24CZ7WIT-004_1661764185.214.step
      (offset (xyz 0 -13.9192 6.680200000000001))
      (scale (xyz 1 1 1))
      (rotate (xyz 0 -180 0))
    )
  )

  (module Resistor_SMD:R_1206_3216Metric_Pad1.30x1.75mm_HandSolder (layer F.Cu) (tedit 5F68FEEE) (tstamp 61D5B21A)
    (at 165.1 105.41 90)
    (descr "Resistor SMD 1206 (3216 Metric), square (rectangular) end terminal, IPC_7351 nominal with elongated pad for handsoldering. (Body size source: IPC-SM-782 page 72, https://www.pcb-3d.com/wordpress/wp-content/uploads/ipc-sm-782a_amendment_1_and_2.pdf), generated with kicad-footprint-generator")
    (tags "resistor handsolder")
    (path /6205F801)
    (attr smd)
    (fp_text reference R5 (at 0 1.905 90) (layer F.SilkS)
      (effects (font (size 1 1) (thickness 0.15)))
    )
    (fp_text value 100R (at 0 1.82 90) (layer F.Fab)
      (effects (font (size 1 1) (thickness 0.15)))
    )
    (fp_text user %R (at 0 0 90) (layer F.Fab)
      (effects (font (size 0.8 0.8) (thickness 0.12)))
    )
    (fp_line (start 2.45 1.12) (end -2.45 1.12) (layer F.CrtYd) (width 0.05))
    (fp_line (start 2.45 -1.12) (end 2.45 1.12) (layer F.CrtYd) (width 0.05))
    (fp_line (start -2.45 -1.12) (end 2.45 -1.12) (layer F.CrtYd) (width 0.05))
    (fp_line (start -2.45 1.12) (end -2.45 -1.12) (layer F.CrtYd) (width 0.05))
    (fp_line (start -0.727064 0.91) (end 0.727064 0.91) (layer F.SilkS) (width 0.12))
    (fp_line (start -0.727064 -0.91) (end 0.727064 -0.91) (layer F.SilkS) (width 0.12))
    (fp_line (start 1.6 0.8) (end -1.6 0.8) (layer F.Fab) (width 0.1))
    (fp_line (start 1.6 -0.8) (end 1.6 0.8) (layer F.Fab) (width 0.1))
    (fp_line (start -1.6 -0.8) (end 1.6 -0.8) (layer F.Fab) (width 0.1))
    (fp_line (start -1.6 0.8) (end -1.6 -0.8) (layer F.Fab) (width 0.1))
    (pad 2 smd roundrect (at 1.55 0 90) (size 1.3 1.75) (layers F.Cu F.Paste F.Mask) (roundrect_rratio 0.192308)
      (net 30 "Net-(R5-Pad2)"))
    (pad 1 smd roundrect (at -1.55 0 90) (size 1.3 1.75) (layers F.Cu F.Paste F.Mask) (roundrect_rratio 0.192308)
      (net 14 +BATT))
    (model ${KISYS3DMOD}/Resistor_SMD.3dshapes/R_1206_3216Metric.wrl
      (at (xyz 0 0 0))
      (scale (xyz 1 1 1))
      (rotate (xyz 0 0 0))
    )
  )

  (module Capacitor_SMD:C_1206_3216Metric_Pad1.33x1.80mm_HandSolder (layer F.Cu) (tedit 5F68FEEF) (tstamp 61D5862B)
    (at 197.485 113.03 270)
    (descr "Capacitor SMD 1206 (3216 Metric), square (rectangular) end terminal, IPC_7351 nominal with elongated pad for handsoldering. (Body size source: IPC-SM-782 page 76, https://www.pcb-3d.com/wordpress/wp-content/uploads/ipc-sm-782a_amendment_1_and_2.pdf), generated with kicad-footprint-generator")
    (tags "capacitor handsolder")
    (path /61C817A1)
    (attr smd)
    (fp_text reference C1 (at 3.81 0 90) (layer F.SilkS)
      (effects (font (size 1 1) (thickness 0.15)))
    )
    (fp_text value 1µF (at 0 1.85 90) (layer F.Fab)
      (effects (font (size 1 1) (thickness 0.15)))
    )
    (fp_text user %R (at 0 0 90) (layer F.Fab)
      (effects (font (size 0.8 0.8) (thickness 0.12)))
    )
    (fp_line (start 2.48 1.15) (end -2.48 1.15) (layer F.CrtYd) (width 0.05))
    (fp_line (start 2.48 -1.15) (end 2.48 1.15) (layer F.CrtYd) (width 0.05))
    (fp_line (start -2.48 -1.15) (end 2.48 -1.15) (layer F.CrtYd) (width 0.05))
    (fp_line (start -2.48 1.15) (end -2.48 -1.15) (layer F.CrtYd) (width 0.05))
    (fp_line (start -0.711252 0.91) (end 0.711252 0.91) (layer F.SilkS) (width 0.12))
    (fp_line (start -0.711252 -0.91) (end 0.711252 -0.91) (layer F.SilkS) (width 0.12))
    (fp_line (start 1.6 0.8) (end -1.6 0.8) (layer F.Fab) (width 0.1))
    (fp_line (start 1.6 -0.8) (end 1.6 0.8) (layer F.Fab) (width 0.1))
    (fp_line (start -1.6 -0.8) (end 1.6 -0.8) (layer F.Fab) (width 0.1))
    (fp_line (start -1.6 0.8) (end -1.6 -0.8) (layer F.Fab) (width 0.1))
    (pad 2 smd roundrect (at 1.5625 0 270) (size 1.325 1.8) (layers F.Cu F.Paste F.Mask) (roundrect_rratio 0.188679)
      (net 1 GND))
    (pad 1 smd roundrect (at -1.5625 0 270) (size 1.325 1.8) (layers F.Cu F.Paste F.Mask) (roundrect_rratio 0.188679)
      (net 2 /EPD_VGL))
    (model ${KISYS3DMOD}/Capacitor_SMD.3dshapes/C_1206_3216Metric.wrl
      (at (xyz 0 0 0))
      (scale (xyz 1 1 1))
      (rotate (xyz 0 0 0))
    )
  )

  (module Capacitor_SMD:C_1206_3216Metric_Pad1.33x1.80mm_HandSolder (layer F.Cu) (tedit 5F68FEEF) (tstamp 61D5863C)
    (at 194.31 113.03 270)
    (descr "Capacitor SMD 1206 (3216 Metric), square (rectangular) end terminal, IPC_7351 nominal with elongated pad for handsoldering. (Body size source: IPC-SM-782 page 76, https://www.pcb-3d.com/wordpress/wp-content/uploads/ipc-sm-782a_amendment_1_and_2.pdf), generated with kicad-footprint-generator")
    (tags "capacitor handsolder")
    (path /61C80DE3)
    (attr smd)
    (fp_text reference C2 (at 3.81 0 90) (layer F.SilkS)
      (effects (font (size 1 1) (thickness 0.15)))
    )
    (fp_text value 1µF (at 0 1.85 90) (layer F.Fab)
      (effects (font (size 1 1) (thickness 0.15)))
    )
    (fp_line (start -1.6 0.8) (end -1.6 -0.8) (layer F.Fab) (width 0.1))
    (fp_line (start -1.6 -0.8) (end 1.6 -0.8) (layer F.Fab) (width 0.1))
    (fp_line (start 1.6 -0.8) (end 1.6 0.8) (layer F.Fab) (width 0.1))
    (fp_line (start 1.6 0.8) (end -1.6 0.8) (layer F.Fab) (width 0.1))
    (fp_line (start -0.711252 -0.91) (end 0.711252 -0.91) (layer F.SilkS) (width 0.12))
    (fp_line (start -0.711252 0.91) (end 0.711252 0.91) (layer F.SilkS) (width 0.12))
    (fp_line (start -2.48 1.15) (end -2.48 -1.15) (layer F.CrtYd) (width 0.05))
    (fp_line (start -2.48 -1.15) (end 2.48 -1.15) (layer F.CrtYd) (width 0.05))
    (fp_line (start 2.48 -1.15) (end 2.48 1.15) (layer F.CrtYd) (width 0.05))
    (fp_line (start 2.48 1.15) (end -2.48 1.15) (layer F.CrtYd) (width 0.05))
    (fp_text user %R (at 0 0 90) (layer F.Fab)
      (effects (font (size 0.8 0.8) (thickness 0.12)))
    )
    (pad 1 smd roundrect (at -1.5625 0 270) (size 1.325 1.8) (layers F.Cu F.Paste F.Mask) (roundrect_rratio 0.188679)
      (net 3 /EPD_VGH))
    (pad 2 smd roundrect (at 1.5625 0 270) (size 1.325 1.8) (layers F.Cu F.Paste F.Mask) (roundrect_rratio 0.188679)
      (net 1 GND))
    (model ${KISYS3DMOD}/Capacitor_SMD.3dshapes/C_1206_3216Metric.wrl
      (at (xyz 0 0 0))
      (scale (xyz 1 1 1))
      (rotate (xyz 0 0 0))
    )
  )

  (module Capacitor_SMD:C_1206_3216Metric_Pad1.33x1.80mm_HandSolder (layer F.Cu) (tedit 5F68FEEF) (tstamp 61D5864D)
    (at 191.135 113.03 270)
    (descr "Capacitor SMD 1206 (3216 Metric), square (rectangular) end terminal, IPC_7351 nominal with elongated pad for handsoldering. (Body size source: IPC-SM-782 page 76, https://www.pcb-3d.com/wordpress/wp-content/uploads/ipc-sm-782a_amendment_1_and_2.pdf), generated with kicad-footprint-generator")
    (tags "capacitor handsolder")
    (path /61C80454)
    (attr smd)
    (fp_text reference C3 (at 3.81 0 90) (layer F.SilkS)
      (effects (font (size 1 1) (thickness 0.15)))
    )
    (fp_text value 1µF (at 0 1.85 90) (layer F.Fab)
      (effects (font (size 1 1) (thickness 0.15)))
    )
    (fp_text user %R (at 0 0 90) (layer F.Fab)
      (effects (font (size 0.8 0.8) (thickness 0.12)))
    )
    (fp_line (start 2.48 1.15) (end -2.48 1.15) (layer F.CrtYd) (width 0.05))
    (fp_line (start 2.48 -1.15) (end 2.48 1.15) (layer F.CrtYd) (width 0.05))
    (fp_line (start -2.48 -1.15) (end 2.48 -1.15) (layer F.CrtYd) (width 0.05))
    (fp_line (start -2.48 1.15) (end -2.48 -1.15) (layer F.CrtYd) (width 0.05))
    (fp_line (start -0.711252 0.91) (end 0.711252 0.91) (layer F.SilkS) (width 0.12))
    (fp_line (start -0.711252 -0.91) (end 0.711252 -0.91) (layer F.SilkS) (width 0.12))
    (fp_line (start 1.6 0.8) (end -1.6 0.8) (layer F.Fab) (width 0.1))
    (fp_line (start 1.6 -0.8) (end 1.6 0.8) (layer F.Fab) (width 0.1))
    (fp_line (start -1.6 -0.8) (end 1.6 -0.8) (layer F.Fab) (width 0.1))
    (fp_line (start -1.6 0.8) (end -1.6 -0.8) (layer F.Fab) (width 0.1))
    (pad 2 smd roundrect (at 1.5625 0 270) (size 1.325 1.8) (layers F.Cu F.Paste F.Mask) (roundrect_rratio 0.188679)
      (net 1 GND))
    (pad 1 smd roundrect (at -1.5625 0 270) (size 1.325 1.8) (layers F.Cu F.Paste F.Mask) (roundrect_rratio 0.188679)
      (net 4 VD))
    (model ${KISYS3DMOD}/Capacitor_SMD.3dshapes/C_1206_3216Metric.wrl
      (at (xyz 0 0 0))
      (scale (xyz 1 1 1))
      (rotate (xyz 0 0 0))
    )
  )

  (module Capacitor_SMD:C_1206_3216Metric_Pad1.33x1.80mm_HandSolder (layer F.Cu) (tedit 5F68FEEF) (tstamp 61D5865E)
    (at 187.96 113.03 270)
    (descr "Capacitor SMD 1206 (3216 Metric), square (rectangular) end terminal, IPC_7351 nominal with elongated pad for handsoldering. (Body size source: IPC-SM-782 page 76, https://www.pcb-3d.com/wordpress/wp-content/uploads/ipc-sm-782a_amendment_1_and_2.pdf), generated with kicad-footprint-generator")
    (tags "capacitor handsolder")
    (path /61C7FB6C)
    (attr smd)
    (fp_text reference C4 (at 3.81 0 90) (layer F.SilkS)
      (effects (font (size 1 1) (thickness 0.15)))
    )
    (fp_text value 1µF (at 0 1.85 90) (layer F.Fab)
      (effects (font (size 1 1) (thickness 0.15)))
    )
    (fp_line (start -1.6 0.8) (end -1.6 -0.8) (layer F.Fab) (width 0.1))
    (fp_line (start -1.6 -0.8) (end 1.6 -0.8) (layer F.Fab) (width 0.1))
    (fp_line (start 1.6 -0.8) (end 1.6 0.8) (layer F.Fab) (width 0.1))
    (fp_line (start 1.6 0.8) (end -1.6 0.8) (layer F.Fab) (width 0.1))
    (fp_line (start -0.711252 -0.91) (end 0.711252 -0.91) (layer F.SilkS) (width 0.12))
    (fp_line (start -0.711252 0.91) (end 0.711252 0.91) (layer F.SilkS) (width 0.12))
    (fp_line (start -2.48 1.15) (end -2.48 -1.15) (layer F.CrtYd) (width 0.05))
    (fp_line (start -2.48 -1.15) (end 2.48 -1.15) (layer F.CrtYd) (width 0.05))
    (fp_line (start 2.48 -1.15) (end 2.48 1.15) (layer F.CrtYd) (width 0.05))
    (fp_line (start 2.48 1.15) (end -2.48 1.15) (layer F.CrtYd) (width 0.05))
    (fp_text user %R (at 0 0 90) (layer F.Fab)
      (effects (font (size 0.8 0.8) (thickness 0.12)))
    )
    (pad 1 smd roundrect (at -1.5625 0 270) (size 1.325 1.8) (layers F.Cu F.Paste F.Mask) (roundrect_rratio 0.188679)
      (net 5 /EPD_VDD))
    (pad 2 smd roundrect (at 1.5625 0 270) (size 1.325 1.8) (layers F.Cu F.Paste F.Mask) (roundrect_rratio 0.188679)
      (net 1 GND))
    (model ${KISYS3DMOD}/Capacitor_SMD.3dshapes/C_1206_3216Metric.wrl
      (at (xyz 0 0 0))
      (scale (xyz 1 1 1))
      (rotate (xyz 0 0 0))
    )
  )

  (module Capacitor_SMD:C_1206_3216Metric_Pad1.33x1.80mm_HandSolder (layer F.Cu) (tedit 5F68FEEF) (tstamp 61D5866F)
    (at 184.785 113.03 270)
    (descr "Capacitor SMD 1206 (3216 Metric), square (rectangular) end terminal, IPC_7351 nominal with elongated pad for handsoldering. (Body size source: IPC-SM-782 page 76, https://www.pcb-3d.com/wordpress/wp-content/uploads/ipc-sm-782a_amendment_1_and_2.pdf), generated with kicad-footprint-generator")
    (tags "capacitor handsolder")
    (path /61C7F28F)
    (attr smd)
    (fp_text reference C5 (at 3.81 0 90) (layer F.SilkS)
      (effects (font (size 1 1) (thickness 0.15)))
    )
    (fp_text value 1µF (at 0 1.85 90) (layer F.Fab)
      (effects (font (size 1 1) (thickness 0.15)))
    )
    (fp_text user %R (at 0 0 90) (layer F.Fab)
      (effects (font (size 0.8 0.8) (thickness 0.12)))
    )
    (fp_line (start 2.48 1.15) (end -2.48 1.15) (layer F.CrtYd) (width 0.05))
    (fp_line (start 2.48 -1.15) (end 2.48 1.15) (layer F.CrtYd) (width 0.05))
    (fp_line (start -2.48 -1.15) (end 2.48 -1.15) (layer F.CrtYd) (width 0.05))
    (fp_line (start -2.48 1.15) (end -2.48 -1.15) (layer F.CrtYd) (width 0.05))
    (fp_line (start -0.711252 0.91) (end 0.711252 0.91) (layer F.SilkS) (width 0.12))
    (fp_line (start -0.711252 -0.91) (end 0.711252 -0.91) (layer F.SilkS) (width 0.12))
    (fp_line (start 1.6 0.8) (end -1.6 0.8) (layer F.Fab) (width 0.1))
    (fp_line (start 1.6 -0.8) (end 1.6 0.8) (layer F.Fab) (width 0.1))
    (fp_line (start -1.6 -0.8) (end 1.6 -0.8) (layer F.Fab) (width 0.1))
    (fp_line (start -1.6 0.8) (end -1.6 -0.8) (layer F.Fab) (width 0.1))
    (pad 2 smd roundrect (at 1.5625 0 270) (size 1.325 1.8) (layers F.Cu F.Paste F.Mask) (roundrect_rratio 0.188679)
      (net 1 GND))
    (pad 1 smd roundrect (at -1.5625 0 270) (size 1.325 1.8) (layers F.Cu F.Paste F.Mask) (roundrect_rratio 0.188679)
      (net 6 /EPD_VPP))
    (model ${KISYS3DMOD}/Capacitor_SMD.3dshapes/C_1206_3216Metric.wrl
      (at (xyz 0 0 0))
      (scale (xyz 1 1 1))
      (rotate (xyz 0 0 0))
    )
  )

  (module Capacitor_SMD:C_1206_3216Metric_Pad1.33x1.80mm_HandSolder (layer F.Cu) (tedit 5F68FEEF) (tstamp 61D58680)
    (at 181.61 113.03 270)
    (descr "Capacitor SMD 1206 (3216 Metric), square (rectangular) end terminal, IPC_7351 nominal with elongated pad for handsoldering. (Body size source: IPC-SM-782 page 76, https://www.pcb-3d.com/wordpress/wp-content/uploads/ipc-sm-782a_amendment_1_and_2.pdf), generated with kicad-footprint-generator")
    (tags "capacitor handsolder")
    (path /61C79C96)
    (attr smd)
    (fp_text reference C6 (at 3.81 0 90) (layer F.SilkS)
      (effects (font (size 1 1) (thickness 0.15)))
    )
    (fp_text value 1µF (at 0 1.85 90) (layer F.Fab)
      (effects (font (size 1 1) (thickness 0.15)))
    )
    (fp_line (start -1.6 0.8) (end -1.6 -0.8) (layer F.Fab) (width 0.1))
    (fp_line (start -1.6 -0.8) (end 1.6 -0.8) (layer F.Fab) (width 0.1))
    (fp_line (start 1.6 -0.8) (end 1.6 0.8) (layer F.Fab) (width 0.1))
    (fp_line (start 1.6 0.8) (end -1.6 0.8) (layer F.Fab) (width 0.1))
    (fp_line (start -0.711252 -0.91) (end 0.711252 -0.91) (layer F.SilkS) (width 0.12))
    (fp_line (start -0.711252 0.91) (end 0.711252 0.91) (layer F.SilkS) (width 0.12))
    (fp_line (start -2.48 1.15) (end -2.48 -1.15) (layer F.CrtYd) (width 0.05))
    (fp_line (start -2.48 -1.15) (end 2.48 -1.15) (layer F.CrtYd) (width 0.05))
    (fp_line (start 2.48 -1.15) (end 2.48 1.15) (layer F.CrtYd) (width 0.05))
    (fp_line (start 2.48 1.15) (end -2.48 1.15) (layer F.CrtYd) (width 0.05))
    (fp_text user %R (at 0 0 90) (layer F.Fab)
      (effects (font (size 0.8 0.8) (thickness 0.12)))
    )
    (pad 1 smd roundrect (at -1.5625 0 270) (size 1.325 1.8) (layers F.Cu F.Paste F.Mask) (roundrect_rratio 0.188679)
      (net 7 /EPD_VSH))
    (pad 2 smd roundrect (at 1.5625 0 270) (size 1.325 1.8) (layers F.Cu F.Paste F.Mask) (roundrect_rratio 0.188679)
      (net 1 GND))
    (model ${KISYS3DMOD}/Capacitor_SMD.3dshapes/C_1206_3216Metric.wrl
      (at (xyz 0 0 0))
      (scale (xyz 1 1 1))
      (rotate (xyz 0 0 0))
    )
  )

  (module Capacitor_SMD:C_1206_3216Metric_Pad1.33x1.80mm_HandSolder (layer F.Cu) (tedit 5F68FEEF) (tstamp 61D58691)
    (at 178.435 113.03 270)
    (descr "Capacitor SMD 1206 (3216 Metric), square (rectangular) end terminal, IPC_7351 nominal with elongated pad for handsoldering. (Body size source: IPC-SM-782 page 76, https://www.pcb-3d.com/wordpress/wp-content/uploads/ipc-sm-782a_amendment_1_and_2.pdf), generated with kicad-footprint-generator")
    (tags "capacitor handsolder")
    (path /61C793C3)
    (attr smd)
    (fp_text reference C7 (at 3.81 0 90) (layer F.SilkS)
      (effects (font (size 1 1) (thickness 0.15)))
    )
    (fp_text value 1µF (at 0 1.85 90) (layer F.Fab)
      (effects (font (size 1 1) (thickness 0.15)))
    )
    (fp_text user %R (at 0 0 90) (layer F.Fab)
      (effects (font (size 0.8 0.8) (thickness 0.12)))
    )
    (fp_line (start 2.48 1.15) (end -2.48 1.15) (layer F.CrtYd) (width 0.05))
    (fp_line (start 2.48 -1.15) (end 2.48 1.15) (layer F.CrtYd) (width 0.05))
    (fp_line (start -2.48 -1.15) (end 2.48 -1.15) (layer F.CrtYd) (width 0.05))
    (fp_line (start -2.48 1.15) (end -2.48 -1.15) (layer F.CrtYd) (width 0.05))
    (fp_line (start -0.711252 0.91) (end 0.711252 0.91) (layer F.SilkS) (width 0.12))
    (fp_line (start -0.711252 -0.91) (end 0.711252 -0.91) (layer F.SilkS) (width 0.12))
    (fp_line (start 1.6 0.8) (end -1.6 0.8) (layer F.Fab) (width 0.1))
    (fp_line (start 1.6 -0.8) (end 1.6 0.8) (layer F.Fab) (width 0.1))
    (fp_line (start -1.6 -0.8) (end 1.6 -0.8) (layer F.Fab) (width 0.1))
    (fp_line (start -1.6 0.8) (end -1.6 -0.8) (layer F.Fab) (width 0.1))
    (pad 2 smd roundrect (at 1.5625 0 270) (size 1.325 1.8) (layers F.Cu F.Paste F.Mask) (roundrect_rratio 0.188679)
      (net 1 GND))
    (pad 1 smd roundrect (at -1.5625 0 270) (size 1.325 1.8) (layers F.Cu F.Paste F.Mask) (roundrect_rratio 0.188679)
      (net 8 /EPD_PWRVGH))
    (model ${KISYS3DMOD}/Capacitor_SMD.3dshapes/C_1206_3216Metric.wrl
      (at (xyz 0 0 0))
      (scale (xyz 1 1 1))
      (rotate (xyz 0 0 0))
    )
  )

  (module Capacitor_SMD:C_1206_3216Metric_Pad1.33x1.80mm_HandSolder (layer F.Cu) (tedit 5F68FEEF) (tstamp 61D586A2)
    (at 175.26 113.03 270)
    (descr "Capacitor SMD 1206 (3216 Metric), square (rectangular) end terminal, IPC_7351 nominal with elongated pad for handsoldering. (Body size source: IPC-SM-782 page 76, https://www.pcb-3d.com/wordpress/wp-content/uploads/ipc-sm-782a_amendment_1_and_2.pdf), generated with kicad-footprint-generator")
    (tags "capacitor handsolder")
    (path /61C78BE1)
    (attr smd)
    (fp_text reference C8 (at 3.97 0 90) (layer F.SilkS)
      (effects (font (size 1 1) (thickness 0.15)))
    )
    (fp_text value 1µF (at 0 1.85 90) (layer F.Fab)
      (effects (font (size 1 1) (thickness 0.15)))
    )
    (fp_text user %R (at 0 0 90) (layer F.Fab)
      (effects (font (size 0.8 0.8) (thickness 0.12)))
    )
    (fp_line (start 2.48 1.15) (end -2.48 1.15) (layer F.CrtYd) (width 0.05))
    (fp_line (start 2.48 -1.15) (end 2.48 1.15) (layer F.CrtYd) (width 0.05))
    (fp_line (start -2.48 -1.15) (end 2.48 -1.15) (layer F.CrtYd) (width 0.05))
    (fp_line (start -2.48 1.15) (end -2.48 -1.15) (layer F.CrtYd) (width 0.05))
    (fp_line (start -0.711252 0.91) (end 0.711252 0.91) (layer F.SilkS) (width 0.12))
    (fp_line (start -0.711252 -0.91) (end 0.711252 -0.91) (layer F.SilkS) (width 0.12))
    (fp_line (start 1.6 0.8) (end -1.6 0.8) (layer F.Fab) (width 0.1))
    (fp_line (start 1.6 -0.8) (end 1.6 0.8) (layer F.Fab) (width 0.1))
    (fp_line (start -1.6 -0.8) (end 1.6 -0.8) (layer F.Fab) (width 0.1))
    (fp_line (start -1.6 0.8) (end -1.6 -0.8) (layer F.Fab) (width 0.1))
    (pad 2 smd roundrect (at 1.5625 0 270) (size 1.325 1.8) (layers F.Cu F.Paste F.Mask) (roundrect_rratio 0.188679)
      (net 1 GND))
    (pad 1 smd roundrect (at -1.5625 0 270) (size 1.325 1.8) (layers F.Cu F.Paste F.Mask) (roundrect_rratio 0.188679)
      (net 9 /EPD_VSL))
    (model ${KISYS3DMOD}/Capacitor_SMD.3dshapes/C_1206_3216Metric.wrl
      (at (xyz 0 0 0))
      (scale (xyz 1 1 1))
      (rotate (xyz 0 0 0))
    )
  )

  (module Capacitor_SMD:C_1206_3216Metric_Pad1.33x1.80mm_HandSolder (layer F.Cu) (tedit 5F68FEEF) (tstamp 61D586B3)
    (at 172.085 113.03 270)
    (descr "Capacitor SMD 1206 (3216 Metric), square (rectangular) end terminal, IPC_7351 nominal with elongated pad for handsoldering. (Body size source: IPC-SM-782 page 76, https://www.pcb-3d.com/wordpress/wp-content/uploads/ipc-sm-782a_amendment_1_and_2.pdf), generated with kicad-footprint-generator")
    (tags "capacitor handsolder")
    (path /61C784C0)
    (attr smd)
    (fp_text reference C9 (at 3.97 0 90) (layer F.SilkS)
      (effects (font (size 1 1) (thickness 0.15)))
    )
    (fp_text value 1µF (at 0 1.85 90) (layer F.Fab)
      (effects (font (size 1 1) (thickness 0.15)))
    )
    (fp_line (start -1.6 0.8) (end -1.6 -0.8) (layer F.Fab) (width 0.1))
    (fp_line (start -1.6 -0.8) (end 1.6 -0.8) (layer F.Fab) (width 0.1))
    (fp_line (start 1.6 -0.8) (end 1.6 0.8) (layer F.Fab) (width 0.1))
    (fp_line (start 1.6 0.8) (end -1.6 0.8) (layer F.Fab) (width 0.1))
    (fp_line (start -0.711252 -0.91) (end 0.711252 -0.91) (layer F.SilkS) (width 0.12))
    (fp_line (start -0.711252 0.91) (end 0.711252 0.91) (layer F.SilkS) (width 0.12))
    (fp_line (start -2.48 1.15) (end -2.48 -1.15) (layer F.CrtYd) (width 0.05))
    (fp_line (start -2.48 -1.15) (end 2.48 -1.15) (layer F.CrtYd) (width 0.05))
    (fp_line (start 2.48 -1.15) (end 2.48 1.15) (layer F.CrtYd) (width 0.05))
    (fp_line (start 2.48 1.15) (end -2.48 1.15) (layer F.CrtYd) (width 0.05))
    (fp_text user %R (at 0 0 90) (layer F.Fab)
